18402.563, 1.0586, 0.0829
18402.497, 1.1038, 0.0862
18404.632, 0.9985, 0.0790
18406.769, 0.9584, 0.0796
18408.904, 1.0639, 0.0767
18411.041, 0.9295, 0.0768
18413.176, 0.9943, 0.0839
18415.309, 1.1920, 0.0888
18417.448, 1.1101, 0.0834
18419.583, 1.2813, 0.0866
18421.716, 1.1088, 0.0816
18423.853, 1.0558, 0.0812
18425.988, 1.1056, 0.0836
18428.123, 1.0632, 0.0893
18430.260, 1.1262, 0.0915
18432.395, 0.9291, 0.0795
18434.528, 1.0702, 0.0830
18436.667, 0.9736, 0.0754
18438.802, 1.0409, 0.0819
18440.937, 1.0553, 0.0841
18443.072, 1.2482, 0.0907
18445.207, 1.2344, 0.0929
18447.344, 1.1187, 0.0828
18449.479, 1.0236, 0.0848
18451.614, 0.9780, 0.0782
18453.749, 0.8246, 0.0657
18455.886, 1.0466, 0.0797
18458.021, 1.0366, 0.0745
18460.156, 0.9815, 0.0789
18462.291, 0.9357, 0.0687
18464.426, 0.9811, 0.0824
18466.562, 1.0728, 0.0830
18468.697, 0.9695, 0.0760
18470.832, 0.9152, 0.0812
18472.967, 1.0670, 0.0767
18475.104, 0.9599, 0.0740
18477.239, 0.8917, 0.0751
18479.374, 1.0665, 0.0787
18481.509, 0.8654, 0.0733
18483.648, 0.8729, 0.0678
18485.781, 1.0320, 0.0835
18487.916, 1.1617, 0.0905
18490.051, 1.0444, 0.0868
18492.186, 1.0239, 0.0782
18494.323, 0.9490, 0.0741
18496.460, 1.0421, 0.0822
18498.593, 0.9611, 0.0797
18500.728, 0.8741, 0.0740
18502.863, 0.9808, 0.0738
18505.000, 1.0559, 0.0783
18507.135, 1.0370, 0.0754
18509.272, 1.0332, 0.0766
18511.405, 1.1010, 0.0767
18513.544, 1.2235, 0.0920
18515.677, 1.0576, 0.0873
18517.812, 1.0975, 0.0886
18519.949, 1.0773, 0.0785
18522.085, 1.1402, 0.0855
18524.219, 1.1634, 0.0942
18526.355, 1.2295, 0.0888
18528.489, 1.0516, 0.0791
18530.624, 0.9447, 0.0799
18532.762, 1.0946, 0.0866
18534.897, 1.0244, 0.0751
18537.031, 0.9851, 0.0829
18539.167, 1.1434, 0.0877
18541.301, 0.9920, 0.0783
18543.439, 0.9166, 0.0745
18545.574, 0.9291, 0.0861
18547.709, 0.8901, 0.0706
18549.844, 0.9189, 0.0781
18551.981, 0.9728, 0.0765
18554.114, 1.0819, 0.0865
18556.251, 1.0647, 0.0821
18558.386, 1.0761, 0.0827
18560.523, 1.1308, 0.0814
18562.658, 0.9348, 0.0750
18564.793, 0.9083, 0.0738
18566.926, 0.9622, 0.0752
18569.063, 1.0466, 0.0780
18571.200, 0.9581, 0.0766
18573.335, 0.8952, 0.0715
18575.470, 1.0299, 0.0762
18577.605, 0.9334, 0.0676
18579.742, 0.9224, 0.0676
18581.877, 1.0027, 0.0721
18584.012, 0.9454, 0.0731
18586.147, 0.9451, 0.0694
18588.282, 0.9503, 0.0717
18590.419, 0.9795, 0.0832
18592.554, 1.0304, 0.0763
18594.689, 1.0785, 0.0796
18596.824, 0.9624, 0.0693
18598.960, 0.9415, 0.0713
18601.095, 0.8897, 0.0696
18603.230, 1.0096, 0.0715
18605.365, 1.0145, 0.0757
18607.500, 0.8608, 0.0714
18609.637, 0.9696, 0.0700
18611.772, 0.8896, 0.0697
18613.907, 0.9389, 0.0723
18616.044, 1.0307, 0.0802
18618.179, 0.8058, 0.0687
18620.314, 0.9847, 0.0743
18622.451, 0.9324, 0.0714
18624.584, 0.9194, 0.0718
18626.719, 0.9254, 0.0761
18628.858, 0.9601, 0.0746
18630.991, 0.9214, 0.0750
18633.126, 0.9605, 0.0712
18635.263, 0.9046, 0.0769
18637.398, 0.9086, 0.0760
18639.533, 0.9470, 0.0795
18641.670, 0.9371, 0.0756
18643.803, 0.9477, 0.0777
18645.942, 0.5093, 0.0654
18648.077, 0.5110, 0.0758
18650.210, 0.5490, 0.0732
18652.347, 1.0000, 0.0693
18654.482, 0.9535, 0.0721
18656.617, 1.0020, 0.0779
18658.754, 1.0127, 0.0812
18660.889, 0.9005, 0.0797
18663.022, 0.9799, 0.0782
18665.160, 0.9528, 0.0771
18667.295, 0.9570, 0.0729
18669.429, 0.9289, 0.0750
18671.565, 0.8983, 0.0829
18673.700, 0.9000, 0.0712
18675.835, 0.8406, 0.0751
18677.972, 0.9902, 0.0693
18680.107, 0.9572, 0.0698
18682.242, 0.9396, 0.0701
18684.379, 0.9947, 0.0753
18686.514, 0.9511, 0.0754
18688.649, 0.8707, 0.0637
18690.784, 0.9227, 0.0722
18692.919, 0.8827, 0.0694
18695.056, 0.9411, 0.0716
18697.191, 0.8786, 0.0689
18699.326, 0.9859, 0.0716
18701.461, 1.0186, 0.0735
18703.598, 0.9678, 0.0751
18705.733, 0.9523, 0.0786
18707.868, 1.0141, 0.0811
18710.003, 1.0612, 0.0785
18712.142, 0.9434, 0.0760
18714.275, 1.0070, 0.0793
18716.310, 0.8804, 0.0704
18718.846, 1.1278, 0.0831
18720.680, 1.0245, 0.0760
18722.817, 0.9951, 0.0763
18724.953, 0.8579, 0.0691
18727.087, 0.9449, 0.0773
18729.222, 0.9595, 0.0721
18731.360, 0.9521, 0.0732
18733.494, 1.0705, 0.0831
18735.629, 1.0270, 0.0885
18737.765, 1.1054, 0.0887
18739.899, 1.0048, 0.0795
18742.035, 1.0445, 0.0851
18744.172, 0.9885, 0.0834
18746.305, 0.9086, 0.0716
18748.442, 0.8884, 0.0743
18750.579, 0.8961, 0.0730
18752.712, 0.9735, 0.0750
18754.849, 1.0245, 0.0825
18756.984, 1.0484, 0.0815
18759.117, 0.9674, 0.0742
18761.256, 0.9573, 0.0722
18763.391, 1.0285, 0.0845
18765.524, 0.9998, 0.0763
18767.661, 1.0272, 0.0841
18769.798, 0.9281, 0.0751
18771.931, 1.1141, 0.0768
18774.068, 1.0229, 0.0766
18776.203, 1.1402, 0.0879
18778.336, 1.0795, 0.0770
18780.475, 0.9705, 0.0748
18782.610, 1.2692, 0.0905
18784.745, 1.1092, 0.0847
18786.880, 1.0906, 0.0819
18789.017, 1.0920, 0.0801
18791.152, 1.0195, 0.0819
18793.287, 0.9632, 0.0762
18795.422, 0.9700, 0.0699
18797.558, 0.9624, 0.0720
18799.693, 0.9564, 0.0767
18801.828, 0.9495, 0.0763
18803.964, 1.1315, 0.0826
18806.099, 0.9641, 0.0800
18808.235, 1.0006, 0.0765
18810.370, 1.1159, 0.0820
18812.505, 1.2009, 0.0923
18814.642, 1.0165, 0.0857
18816.777, 0.8662, 0.0701
18818.912, 1.1517, 0.0829
18821.049, 1.0842, 0.0796
18823.182, 1.0788, 0.0826
18825.317, 1.0891, 0.0869
18827.456, 0.9272, 0.0721
18829.589, 1.0202, 0.0789
18831.724, 0.8947, 0.0725
18833.861, 0.9264, 0.0732
18835.996, 0.9879, 0.0749
18838.133, 0.9329, 0.0775
18840.268, 1.0295, 0.0795
18842.401, 0.8849, 0.0695
18844.536, 0.9520, 0.0778
18846.675, 1.0350, 0.0817
18848.808, 1.0729, 0.0801
18850.945, 1.0910, 0.0812
18853.080, 1.0995, 0.0781
18855.215, 0.9102, 0.0705
18857.352, 1.0973, 0.0838
18859.487, 0.9748, 0.0777
18861.620, 0.9373, 0.0690
18863.758, 1.0619, 0.0815
18865.893, 1.0945, 0.0865
18868.027, 0.9086, 0.0769
18870.163, 0.9527, 0.0751
18872.298, 0.9649, 0.0799
18874.435, 0.9918, 0.0752
18876.570, 1.0224, 0.0837
18878.705, 1.0679, 0.0773
18880.840, 1.0196, 0.0801
18882.958, 0.9632, 0.0731
18885.145, 1.0660, 0.0794
18887.280, 0.9350, 0.0729
18889.415, 1.0581, 0.0822
18891.552, 0.9564, 0.0753
18893.687, 0.9926, 0.0764
18895.822, 1.0031, 0.0783
18897.959, 0.9716, 0.0753
18900.094, 1.0351, 0.0800
18902.229, 1.0951, 0.0898
18904.364, 0.9282, 0.0835
18906.499, 1.1689, 0.0854
18908.634, 1.0450, 0.0824
18910.773, 1.0204, 0.0750
18912.906, 0.9637, 0.0762
18915.041, 1.0459, 0.0762
18917.176, 1.0226, 0.0791
18919.313, 0.9989, 0.0737
18921.448, 0.9907, 0.0826
18923.584, 1.0911, 0.0924
18925.718, 1.0433, 0.0821
18927.853, 0.9281, 0.0716
18929.990, 0.9888, 0.0804
18932.125, 0.9154, 0.0849
18934.261, 0.9579, 0.0780
18936.396, 1.1409, 0.0921
18938.531, 0.9662, 0.0790
18940.668, 0.9384, 0.0752
